ENVI ASCII Plot File [Wed Apr 26 11:38:43 2023]
Column 1: X Axis
Column 2: s1~~1
  0.436130      0.055979
  0.442630      0.056483
  0.449140      0.058627
  0.455640      0.061852
  0.462150      0.063356
  0.468650      0.066399
  0.475160      0.069497
  0.481670      0.072887
  0.488170      0.074873
  0.494680      0.080128
  0.501190      0.082617
  0.507700      0.087094
  0.514210      0.089804
  0.520720      0.094366
  0.527230      0.098489
  0.533740      0.105181
  0.540250      0.108509
  0.546760      0.113427
  0.553270      0.120539
  0.559780      0.129429
  0.566290      0.142317
  0.572810      0.150959
  0.579320      0.161501
  0.585830      0.172338
  0.592350      0.177541
  0.598860      0.184439
  0.605380      0.186118
  0.611890      0.194366
  0.618410      0.199190
  0.624920      0.210300
  0.631440      0.219808
  0.709680      0.232710
  0.716200      0.234527
  0.722720      0.239731
  0.729250      0.240313
  0.735770      0.237132
  0.742300      0.235891
  0.748820      0.237272
  0.755350      0.238595
  0.761870      0.240018
  0.768400      0.239645
  0.774920      0.241701
  0.781450      0.239677
  0.787980      0.239661
  0.794510      0.238273
  0.801040      0.238178
  0.807560      0.238740
  0.814090      0.241140
  0.820620      0.240656
  0.827150      0.239937
  0.833680      0.239796
  0.840220      0.239976
  0.846750      0.237723
  0.853280      0.235864
  0.859810      0.237084
  0.866340      0.239216
  0.872880      0.236029
  0.879410      0.232931
  0.885950      0.233089
  0.892480      0.235830
  0.899020      0.232255
  0.905550      0.229255
  0.912090      0.228733
  0.918620      0.229921
  0.925160      0.227832
  0.931700      0.225726
  0.938240      0.224281
  0.944770      0.225714
  0.951310      0.226793
  0.957850      0.225438
  0.964390      0.225474
  0.970930      0.223321
  0.977470      0.221528
  0.984010      0.218250
  0.990550      0.218469
  0.997100      0.218758
  1.003640      0.217144
  1.010180      0.214847
  1.047200      0.222354
  1.053750      0.223456
  1.060300      0.223454
  1.066850      0.222439
  1.073410      0.220943
  1.079960      0.219435
  1.086510      0.220474
  1.093070      0.220760
  1.099620      0.223181
  1.106170      0.223577
  1.112730      0.222690
  1.119280      0.222493
  1.125840      0.222981
  1.132390      0.223064
  1.138950      0.223237
  1.145510      0.223030
  1.152060      0.224073
  1.158620      0.223627
  1.165180      0.223567
  1.171730      0.223754
  1.178290      0.217047
  1.184850      0.227423
  1.191410      0.223514
  1.197970      0.221505
  1.204530      0.220416
  1.211090      0.220932
  1.217650      0.219685
  1.224210      0.219991
  1.230770      0.221263
  1.237330      0.221919
  1.243890      0.222429
  1.250450      0.223485
  1.257010      0.222439
  1.263570      0.223491
  1.270140      0.225174
  1.276700      0.224526
  1.283260      0.224362
  1.289830      0.225075
  1.296390      0.225660
  1.302950      0.225756
  1.309520      0.223903
  1.316080      0.223467
  1.322650      0.225693
  1.329210      0.225281
  1.335780      0.226141
  1.342340      0.225831
  1.348910      0.225574
  1.355480      0.225745
  1.362050      0.225853
  1.368610      0.224141
  1.375180      0.224326
  1.381750      0.224414
  1.388320      0.224453
  1.394890      0.225228
  1.401450      0.224916
  1.408020      0.225023
  1.414590      0.225519
  1.421160      0.226716
  1.427730      0.224237
  1.434310      0.225757
  1.440880      0.223982
  1.447450      0.226428
  1.454020      0.226696
  1.460590      0.226970
  1.467160      0.226752
  1.473740      0.226141
  1.480310      0.225992
  1.486880      0.224562
  1.493460      0.226659
  1.500030      0.225612
  1.506610      0.225087
  1.513180      0.227079
  1.519760      0.226597
  1.526330      0.226530
  1.532910      0.225966
  1.539480      0.226382
  1.546060      0.228286
  1.552640      0.227673
  1.559210      0.226829
  1.565790      0.225780
  1.572370      0.224425
  1.578950      0.226286
  1.585520      0.226774
  1.592100      0.225014
  1.598680      0.224662
  1.605260      0.225636
  1.611840      0.225853
  1.618420      0.226486
  1.625000      0.226900
  1.631580      0.227586
  1.638160      0.226687
  1.644740      0.227592
  1.651330      0.225300
  1.657910      0.222443
  1.664490      0.223654
  1.671070      0.225988
  1.677660      0.225396
  1.684240      0.223740
  1.690820      0.223776
  1.697410      0.224577
  1.703990      0.226152
  1.710580      0.225310
  1.717160      0.225613
  1.723750      0.226187
  1.730330      0.226005
  1.736920      0.225591
  1.743510      0.225602
  1.750090      0.225763
  1.756680      0.225690
  1.763270      0.223232
  1.769850      0.225490
  1.776440      0.216291
  1.783030      0.223938
  1.789620      0.224364
  1.796210      0.223432
  1.802800      0.223499
  1.809390      0.223096
  1.815980      0.223405
  1.822570      0.223036
  1.829160      0.222075
  1.835750      0.222161
  1.842340      0.221449
  1.848930      0.221009
  1.855520      0.221003
  1.862120      0.219728
  1.868710      0.219316
  1.875300      0.220975
  1.881900      0.222792
  1.888490      0.222209
  1.895080      0.221811
  1.901680      0.221416
  1.908270      0.220750
  1.914870      0.221279
  1.921460      0.221811
  1.928060      0.221837
  1.934650      0.220860
  1.941250      0.219792
  1.947850      0.218663
  1.954440      0.220109
  1.961040      0.225541
  1.967640      0.226281
  1.974240      0.225938
  1.980840      0.224829
  1.987430      0.221949
  1.994030      0.221035
  2.000630      0.219391
  2.007230      0.226394
  2.013830      0.228698
  2.020430      0.228055
  2.027030      0.224095
  2.033630      0.224148
  2.040240      0.222418
  2.046840      0.221859
  2.053440      0.222022
  2.060040      0.224264
  2.066640      0.223972
  2.073250      0.224206
  2.079850      0.223371
  2.086450      0.222764
  2.093060      0.221937
  2.099660      0.221837
  2.106270      0.221833
  2.112870      0.220647
  2.119480      0.221339
  2.126080      0.220861
  2.132690      0.219611
  2.139300      0.217756
  2.145900      0.219452
  2.152510      0.219639
  2.159120      0.219547
  2.165720      0.219369
  2.172330      0.219499
  2.178940      0.218906
  2.185550      0.219730
  2.192160      0.218526
  2.198770      0.218207
  2.205380      0.218476
  2.211990      0.218134
  2.218600      0.218347
  2.225210      0.218217
  2.231820      0.218030
  2.238430      0.217529
  2.245040      0.218029
  2.251650      0.217652
  2.258270      0.217782
  2.264880      0.217134
  2.271490      0.217784
  2.278100      0.218122
  2.284720      0.218077
  2.291330      0.218166
  2.297950      0.218055
  2.304560      0.217558
  2.311180      0.218047
  2.317790      0.217431
  2.324410      0.217208
  2.331020      0.217142
  2.337640      0.216628
  2.344260      0.216397
  2.350870      0.216170
  2.357490      0.215944
  2.364110      0.215738
  2.370720      0.216104
  2.377340      0.215568
  2.383960      0.214992
  2.390580      0.214863
  2.397200      0.215059
  2.403820      0.214840
  2.410440      0.215321
  2.417060      0.215667
  2.423680      0.215564
  2.430300      0.215017
  2.436920      0.215184
  2.443540      0.215261
  2.450170      0.215229
  2.456790      0.214956
  2.463410      0.215035
  2.470030      0.215178
  2.476660      0.213163
  2.483280      0.213381
  2.489900      0.212376
  2.496530      0.214370
  2.503120      0.212999
  2.509720      0.213171
  2.516320      0.212162
  2.522920      0.211539
  2.529510      0.211444
  2.536110      0.210834
  2.542710      0.209399
  2.549310      0.208384
  2.555910      0.206991
  2.562510      0.205055
  2.569110      0.204115
  2.575710      0.202764
  2.582310      0.201800
  2.588910      0.199834
  2.595510      0.198954
  2.602120      0.198132
  2.608720      0.198695
  2.615320      0.198067
  2.621920      0.198984
  2.628530      0.199802
  2.635130      0.199807
  2.641740      0.199560
  2.648340      0.196488
  2.654950      0.191091
  2.800350  65535.000000
  2.806970  65535.000000
  2.813580  14123.964689
  2.820200      0.059314
  2.826810      0.066731
  2.833430      0.067522
  2.840040      0.068085
  2.846660      0.068197
  2.853280      0.069439
  2.859890      0.070270
  2.866510      0.069710
  2.873130      0.068233
  2.879750      0.066773
  2.886360      0.065721
  2.892980      0.065495
  2.899600      0.064030
  2.906220      0.061535
  2.912840      0.059642
  2.919460      0.058628
  2.926080      0.057987
  2.932700      0.057751
  2.939320      0.058098
  2.945950      0.058636
  2.952570      0.058960
  2.959190      0.059576
  2.965810      0.060816
  2.972440      0.061662
  2.979060      0.062010
  2.985680      0.061744
  2.992310      0.061801
  2.998930      0.062075
  3.005560      0.062496
  3.012180      0.063526
  3.018810      0.064042
  3.025440      0.064619
  3.032060      0.064991
  3.038690      0.065276
  3.045320      0.065801
  3.051950      0.065958
  3.058570      0.066089
  3.065200      0.066314
  3.071830      0.066899
  3.078460      0.067862
  3.085090      0.068276
  3.091720      0.068659
  3.098350      0.069501
  3.104980      0.070386
  3.111610      0.070864
  3.118250      0.070895
  3.124880      0.070517
  3.131510      0.070613
  3.138140      0.071465
  3.144780      0.072741
  3.151410      0.074774
  3.158040      0.076689
  3.164680      0.078606
  3.171310      0.080866
  3.177950      0.082793
  3.184580      0.084790
  3.191220      0.087331
  3.197850      0.089944
  3.204490      0.093044
  3.211130      0.094192
  3.217760      0.098101
  3.224400      0.101465
  3.231040      0.103587
  3.237680      0.103517
  3.244320      0.104032
  3.250960      0.104857
  3.257600      0.105951
  3.264240      0.107309
  3.270880      0.108597
  3.277520      0.111047
  3.284160      0.113901
  3.290800      0.116614
  3.297440      0.119656
  3.304080      0.122590
  3.310730      0.126374
  3.317370      0.128585
  3.324010      0.130900
  3.330660      0.133429
  3.337300      0.136033
  3.343950      0.138624
  3.350590      0.141169
  3.357240      0.143759
  3.363880      0.145755
  3.370530      0.148755
  3.377170      0.151199
  3.383820      0.153333
  3.390470      0.156389
  3.397120      0.159673
  3.403760      0.162884
  3.410410      0.165005
  3.417060      0.167947
  3.423710      0.171111
  3.430360      0.173613
  3.437010      0.175499
  3.443660      0.177860
  3.450310      0.180428
  3.456960      0.183408
  3.463610      0.186339
  3.470260      0.191048
  3.476920      0.194131
  3.483570      0.196871
  3.490220      0.199462
  3.496870      0.203085
  3.503530      0.205815
  3.510180      0.208434
  3.516840      0.212265
  3.523490      0.218007
  3.530150      0.223452
  3.536800      0.227066
  3.543460      0.231188
  3.550110      0.236521
  3.556770      0.241962
  3.563430      0.244990
  3.570080      0.248646
  3.576740      0.252222
  3.583400      0.254973
  3.590060      0.257427
  3.596720      0.262340
  3.603380      0.268031
  3.610040      0.270568
  3.616700      0.272112
  3.623360      0.275095
  3.630020      0.280683
  3.636680      0.284261
  3.643340      0.286598
  3.650000      0.291373
  3.656670      0.295643
  3.663330      0.299053
  3.669990      0.298895
  3.676650      0.301479
  3.683320      0.306549
  3.689980      0.312474
  3.696650      0.314348
  3.703310      0.316841
  3.709980      0.322368
  3.716640      0.326472
  3.723310      0.327486
  3.729980      0.327493
  3.736640      0.333572
  3.743310      0.339314
  3.749980      0.341194
  3.756650      0.341081
  3.763310      0.343152
  3.769980      0.351361
  3.776650      0.355329
  3.783320      0.357465
  3.789990      0.359372
  3.796660      0.365496
  3.803330      0.371859
  3.810000      0.373464
  3.816670      0.374667
  3.823350      0.378731
  3.830020      0.383419
  3.836690      0.387041
  3.843360      0.387465
  3.850040      0.386658
  3.856710      0.390943
  3.863390      0.395367
  3.870060      0.398123
  3.876730      0.398327
  3.883410      0.399880
  3.890080      0.407914
  3.896760      0.415368
